platforms
560,400,200,20
760,400,200,20
800,300,200,20
500,200,300,20
700,200,300,20
1200,400,300,20
1300,300,300,20
1800,400,200,20
2000,300,200,20
2200,200,200,20
3200,400,300,20
3500,300,300,20
3800,200,300,20
4200,300,300,20
4100,300,300,20
4570,300,300,20
enemies
560,690,350
810,970,250
510,670,150
1200,1450,350
1200,1300,350
1300,1500,250
1300,1500,250
2200,2500,380
2300,2600,380
2400,2700,380
2500,2600,380
2700,2800,380
2900,3200,380
3100,3200,380
3200,3400,350
3500,3700,250
3800,4000,150
3850,4000,150
4200,4400,250
4200,4500,380
4400,4500,380
4500,4700,380
4600,5000,380
4700,4800,380
4500,4900,380
4600,4700,250
coins
400,380
600,350
700,350
800,350
900,250
600,150
1450,250
1400,350
1875,350
2075,250
2275,150
2500,380
2700,380
2900,380
3100,380
2300,380
3900,380
3300,350
3600,250
3900,150
4300,250
4600,250
5500,380
lives
2
coinsMinimum
23